% Convertion from ordinal feature values to numerical ones 
% 	'vl' 	1 
%	'l'  	2 
%	'n'		3 
%	'h'		4 
% 	'vh'	5 
%	'xh'	6

% Brief description of input features
%
% 	acap | analysts capability
% 	pcap | programmers capability
% 	aexp | application experience
% 	modp | modern programing practices
% 	tool | use of  software tools
% 	vexp | virtual machine experience
% 	lexp | language experience
% 	-----+---------------------------
% 	sced | schedule constraint
% 	-----+---------------------------
% 	stor | main memory constraint
% 	data | data base size (constraint)
% 	time | time constraint for cpu
% 	turn | turnaround time
% 	virt | machine volatility
% 	cplx | process complexity
% 	rely | required software reliability
%

%@descriptor: year of development
%
%1:  @attribute mode {embedded,organic,semidetached}
%
%2:  @attribute rely {vl,l,n,h,vh,xh}
%3:  @attribute data {vl,l,n,h,vh,xh}
%4:  @attribute cplx {vl,l,n,h,vh,xh}
%5:  @attribute time {vl,l,n,h,vh,xh}
%6:  @attribute stor {vl,l,n,h,vh,xh}
%7:  @attribute virt {vl,l,n,h,vh,xh}
%8:  @attribute turn {vl,l,n,h,vh,xh}
%9:  @attribute acap {vl,l,n,h,vh,xh}  	
%10: @attribute aexp {vl,l,n,h,vh,xh}  	
%11: @attribute pcap {vl,l,n,h,vh,xh}  	
%12: @attribute vexp {vl,l,n,h,vh,xh}  	
%13: @attribute lexp {vl,l,n,h,vh,xh}  	
%14: @attribute modp {vl,l,n,h,vh,xh}   
%15: @attribute tool {vl,l,n,h,vh,xh}	 
%16: @attribute sced {vl,l,n,h,vh,xh}

%17: @attribute equivphyskloc numeric

%	 @output	act_effort numeric


%@data
1979	3	4	2	4	3	3	2	2	3	3	3	3	4	4	3	2	25.9 	117.6 
1979	3	4	2	4	3	3	2	2	3	3	3	3	4	4	3	2	24.6 	117.6 
1979	3	4	2	4	3	3	2	2	3	3	3	3	4	4	3	2	7.7 	31.2 
1979	3	4	2	4	3	3	2	2	3	3	3	3	4	4	3	2	8.2 	36.0 
1979	3	4	2	4	3	3	2	2	3	3	3	3	4	4	3	2	9.7 	25.2 
1979	3	4	2	4	3	3	2	2	3	3	3	3	4	4	3	2	2.2 	8.4 
1979	3	4	2	4	3	3	2	2	3	3	3	3	4	4	3	2	3.5 	10.8 
1982	3	4	2	4	3	3	2	2	3	3	3	3	4	4	3	2	66.6 	352.8 
1980	3	4	2	4	6	6	2	4	4	4	4	3	4	4	4	3	7.5 	72.0 
1980	3	3	2	4	3	3	2	2	4	5	5	3	4	3	3	3	20.0 	72.0 
1984	3	3	2	4	3	3	2	2	4	5	4	3	4	3	3	3	6.0 	24.0 
1980	3	3	2	4	3	3	2	2	4	5	5	3	4	3	3	3	100.0 	360.0 
1985	3	3	2	4	3	3	2	2	4	5	3	3	2	3	3	3	11.3 	36.0 
1980	3	3	2	4	3	3	4	2	4	4	4	2	1	3	3	3	100.0 	215.0 
1983	3	3	2	4	3	3	2	2	4	5	4	3	4	3	3	3	20.0 	48.0 
1982	3	3	2	4	3	3	2	2	4	3	3	3	1	3	3	3	100.0 	360.0 
1980	3	3	2	4	3	6	2	2	4	5	5	3	4	3	3	3	150.0 	324.0 
1984	3	3	2	4	3	3	2	2	4	4	4	3	4	3	3	3	31.5 	60.0 
1983	3	3	2	4	3	3	2	2	4	5	4	3	4	3	3	3	15.0 	48.0 
1984	3	3	2	4	3	6	2	2	4	4	3	3	4	3	3	3	32.5 	60.0 
1985	3	4	2	4	3	3	2	2	3	3	3	3	4	4	3	2	19.7 	60.0 
1985	3	4	2	4	3	3	2	2	3	3	3	3	4	4	3	2	66.6 	300.0 
1985	3	4	2	4	3	3	2	2	3	3	3	3	4	4	3	2	29.5 	120.0 
1986	3	4	3	3	4	3	3	3	3	4	4	3	3	3	3	3	15.0 	90.0 
1986	3	4	3	4	3	3	3	3	3	4	4	3	3	3	3	3	38.0 	210.0 
1986	3	3	3	3	3	3	3	3	3	4	4	3	3	3	3	3	10.0 	48.0 
1982	3	3	5	4	5	5	2	4	5	4	3	2	4	5	5	2	15.4 	70.0 
1982	3	3	5	4	5	5	2	4	5	4	3	2	4	5	5	2	48.5 	239.0 
1982	3	3	5	4	5	5	2	4	5	4	3	2	4	5	5	2	16.3 	82.0 
1982	3	3	5	4	5	5	2	4	5	4	3	2	4	5	5	2	12.8 	62.0 
1982	3	3	5	4	5	5	2	4	5	4	3	2	4	5	5	2	32.6 	170.0 
1982	3	3	5	4	5	5	2	4	5	4	3	2	4	5	5	2	35.5 	192.0 
1985	3	4	2	4	3	3	2	2	3	3	3	3	4	4	3	2	5.5 	18.0 
1987	3	4	2	4	3	3	2	2	3	3	3	3	4	4	3	2	10.4 	50.0 
1987	3	4	2	4	3	3	2	2	3	3	3	3	4	4	3	2	14.0 	60.0 
1986	3	4	3	4	3	3	3	3	3	3	3	3	3	3	3	3	6.5 	42.0 
1986	3	3	3	4	3	3	3	3	3	3	3	3	3	3	3	3	13.0 	60.0 
1986	3	3	3	4	3	3	3	3	3	3	4	3	4	4	4	3	90.0 	444.0 
1986	3	3	3	4	3	3	3	3	3	3	3	3	3	3	3	3	8.0 	42.0 
1986	3	3	3	4	4	3	3	3	3	3	3	3	3	3	3	3	16.0 	114.0 
1980	3	3	4	4	5	4	2	4	4	3	4	2	4	4	3	2	177.9 	1248.0 
1975	3	4	2	4	3	3	2	2	3	3	4	3	3	4	1	3	302.0 	2400.0 
1982	3	3	4	2	3	3	4	3	4	4	3	3	3	4	4	3	282.1 	1368.0 
1982	3	4	4	2	3	3	3	4	4	4	3	3	3	4	3	3	284.7 	973.0 
1982	3	4	4	3	3	3	2	2	3	4	4	3	4	3	3	3	79.0 	400.0 
1977	3	2	3	3	3	3	2	2	4	4	5	3	4	2	2	4	423.0 	2400.0 
1977	3	3	3	3	3	3	2	3	4	5	5	2	4	4	3	3	190.0 	420.0 
1984	3	3	3	4	3	4	3	3	4	4	3	3	4	4	3	4	47.5 	252.0 
1980	3	5	3	6	4	4	2	2	3	4	3	3	3	2	4	3	21.0 	107.0 
1983	3	3	4	4	5	3	3	4	4	4	4	3	4	2	2	4	78.0 	571.4 
1984	3	3	4	4	5	3	3	4	4	4	4	3	4	2	2	4	11.4 	98.8 
1985	3	3	4	4	5	3	3	4	4	4	4	3	4	2	2	4	19.3 	155.0 
1979	3	4	3	5	4	4	2	4	4	3	3	4	4	2	5	4	101.0 	750.0 
1979	3	4	3	4	4	4	2	4	3	4	3	3	3	2	5	3	219.0 	2120.0 
1979	3	4	3	4	4	4	2	4	3	4	3	3	3	2	5	3	50.0 	370.0 
1979	3	5	4	4	5	5	3	3	5	5	5	3	4	4	4	2	227.0 	1181.0 
1977	3	3	4	5	3	3	2	3	4	3	5	2	3	4	3	2	70.0 	278.0 
1979	3	4	2	4	3	3	2	2	3	3	3	3	4	4	3	2	0.9 	8.4 
1974	3	5	2	6	6	5	2	2	4	5	4	1	4	1	1	4	980.0 	4560.0 
1975	1	3	2	4	3	3	2	2	5	3	5	4	4	3	2	3	350.0 	720.0 
1976	1	4	3	6	4	4	2	2	4	3	3	4	4	4	4	3	70.0 	458.0 
1979	1	4	3	6	4	4	2	2	4	3	3	4	4	4	4	3	271.0 	2460.0 
1971	2	3	3	3	3	3	2	2	4	4	4	3	4	3	2	3	90.0 	162.0 
1980	2	3	3	3	3	3	2	2	4	4	4	3	4	3	2	3	40.0 	150.0 
1979	1	4	3	4	4	3	2	2	4	4	4	3	4	3	3	3	137.0 	636.0 
1977	1	4	3	4	4	3	4	2	4	4	4	3	4	3	1	3	150.0 	882.0 
1976	1	5	3	4	4	3	2	2	4	4	4	3	4	3	3	3	339.0 	444.0 
1983	2	2	4	2	3	3	4	2	4	4	4	3	4	3	2	3	240.0 	192.0 
1978	3	4	3	4	3	5	2	3	4	4	4	4	4	2	2	2	144.0 	576.0 
1979	3	3	2	3	3	5	2	3	4	4	4	4	4	2	2	2	151.0 	432.0 
1979	3	3	2	4	3	5	2	3	4	4	4	4	4	2	2	2	34.0 	72.0 
1979	3	3	3	4	3	5	2	3	4	4	4	4	4	2	2	2	98.0 	300.0 
1979	3	3	3	4	3	5	2	3	4	4	4	4	4	2	2	2	85.0 	300.0 
1982	3	3	2	3	3	5	2	3	4	4	4	4	4	2	2	2	20.0 	240.0 
1978	3	3	2	3	3	5	2	3	4	4	4	4	4	2	2	2	111.0 	600.0 
1978	3	4	5	4	3	5	2	3	4	4	4	4	4	2	2	2	162.0 	756.0 
1978	3	4	4	5	3	5	2	3	4	4	4	4	4	2	2	2	352.0 	1200.0 
1979	3	4	3	5	3	5	2	3	4	4	4	4	4	2	2	2	165.0 	97.0 
1984	1	4	3	5	4	4	2	5	4	3	3	4	4	4	5	4	60.0 	409.0 
1984	1	4	3	5	4	4	2	5	4	3	3	4	4	4	5	4	100.0 	703.0 
1980	1	4	5	5	6	6	4	4	3	3	3	2	2	3	3	4	32.0 	1350.0 
1980	1	4	4	4	5	6	4	4	4	4	4	4	4	4	3	3	53.0 	480.0 
1977	1	4	2	5	5	6	2	3	5	5	5	1	1	4	4	3	41.0 	599.0 
1977	1	4	2	5	5	6	2	3	5	5	5	1	1	4	4	3	24.0 	430.0 
1977	1	5	4	5	6	6	3	3	4	4	4	4	4	4	3	4	165.0 	4178.2 
1977	1	5	4	5	6	6	3	3	4	4	4	4	4	4	3	4	65.0 	1772.5 
1977	1	5	4	5	6	6	3	2	4	4	4	4	4	4	3	4	70.0 	1645.9 
1977	1	5	4	6	6	6	3	3	4	4	4	4	4	4	3	4	50.0 	1924.5 
1982	1	5	2	5	5	6	2	2	4	2	3	1	2	2	4	4	7.3 	648.0 
1980	1	5	4	5	6	6	3	3	4	4	4	4	4	4	3	4	233.0 	8211.0 
1983	1	4	3	5	5	5	4	4	3	3	3	2	2	3	3	4	16.3 	480.0 
1983	1	4	3	5	5	5	4	4	3	3	3	2	2	3	3	4	6.2 	12.0 
1983	1	4	3	5	5	5	4	4	3	3	3	2	2	3	3	4	3.0 	38.0 
